2.690746392382874913e-02
3.813864463219379664e-02
4.723070567716874252e-02
5.494905831274447816e-02
6.270283717899260978e-02
6.981013933122987014e-02
7.547516157548768423e-02
7.946598439271790326e-02
8.549565422412448712e-02
9.009450527687597188e-02
9.417802915525821938e-02
9.804499978497886736e-02
1.011255453893575990e-01
1.044096163777516045e-01
1.076395132508575214e-01
1.106667297149970808e-01
1.136350135729177063e-01
1.162696299404251815e-01
1.185541500421597449e-01
1.207466732510540236e-01
1.228202414646714091e-01
1.248667555282539643e-01
1.264785982174776446e-01
1.281667282402904617e-01
1.297311604168156496e-01
1.313073446753665052e-01
1.323895601831720781e-01
1.332619175177966186e-01
1.341454116207680680e-01
1.350973136642316386e-01
1.360389371675911063e-01
1.367752199260769685e-01
1.376403397689934249e-01
1.383292738556774204e-01
1.388165124763473257e-01
