1.390870978215005957e-03
1.326657960187362963e-03
1.223752626232826922e-03
8.668403142890011978e-04
6.313661471010567714e-04
5.694514599969199018e-04
6.404638309008392049e-04
9.997894800094259300e-04
1.350036536259409479e-03
1.656965588591088022e-03
2.031602604974205254e-03
2.423296109637834966e-03
2.737287874221418487e-03
2.976143801548781012e-03
3.497104989063270532e-03
4.009815924859119751e-03
4.221334681923620200e-03
4.552504585281078563e-03
4.859455853360902279e-03
5.093637163400958380e-03
5.341642614554878953e-03
5.532964618608874653e-03
5.797018392754336134e-03
6.072848923800603337e-03
6.218292269374530758e-03
6.515203595910596703e-03
6.748550486340738376e-03
6.948205275459852677e-03
7.148269165327929796e-03
7.218703702369838431e-03
7.279528161133401280e-03
7.370855624078970735e-03
7.632871369275120305e-03
7.742294660548775659e-03
7.812970855874807469e-03
