1.083999999999999894e-03
1.626000000000000058e-03
2.167999999999999788e-03
2.710000000000000169e-03
3.252000000000000116e-03
3.794000000000000063e-03
4.335999999999999577e-03
4.878000000000000391e-03
5.420000000000000338e-03
5.962000000000000285e-03
6.504000000000000233e-03
7.046000000000000180e-03
7.588000000000000127e-03
8.130000000000000074e-03
8.671999999999999154e-03
9.213999999999999968e-03
9.756000000000000782e-03
1.029799999999999986e-02
1.084000000000000068e-02
1.138199999999999976e-02
1.192400000000000057e-02
1.246599999999999965e-02
1.300800000000000047e-02
1.354999999999999954e-02
1.409200000000000036e-02
1.463399999999999944e-02
1.517600000000000025e-02
1.571799999999999933e-02
1.626000000000000015e-02
1.680200000000000096e-02
1.734399999999999831e-02
1.788599999999999912e-02
1.842799999999999994e-02
1.897000000000000075e-02
1.951200000000000156e-02
