2.692678172632852196e-02
3.826289742378377601e-02
4.734830724806438768e-02
5.511446138857490490e-02
6.289977768117924195e-02
7.002311498570890080e-02
7.570299295889411362e-02
7.970576567709210247e-02
8.574706091036887745e-02
9.037788310049972573e-02
9.447014422954477797e-02
9.834316661225349365e-02
1.014296002367413574e-01
1.047231284387812877e-01
1.079670787918588643e-01
1.109961805094230036e-01
1.139779563931427459e-01
1.166187918717361410e-01
1.188963970312064827e-01
1.211075344993545466e-01
1.231971498931973968e-01
1.252436535521405381e-01
1.268671724619435948e-01
1.285408070675012060e-01
1.301126917228423441e-01
1.316863679817283916e-01
1.327709811123082284e-01
1.336511783458463609e-01
1.345330668406797547e-01
1.354748839902832902e-01
1.364254309739409698e-01
1.371776398585518864e-01
1.380240938831046316e-01
1.387368366558747734e-01
1.392235371669863497e-01
