2.860323676960731254e-02
4.020322204310745190e-02
5.004018404827657862e-02
5.807467430357030752e-02
6.654139070029935210e-02
7.421748319577368969e-02
7.950764223009201825e-02
8.370172691431843059e-02
9.047078309468327417e-02
9.480862885721511035e-02
9.913789857356589130e-02
1.029142671150624078e-01
1.057375029752703061e-01
1.097415986989758313e-01
1.120351285098141469e-01
1.154435258661846431e-01
1.183806504589471204e-01
1.207153713551474550e-01
1.227219318175957613e-01
1.243057380866569306e-01
1.276276527529607296e-01
1.288047141315697974e-01
1.299066893980024284e-01
1.321531110777848517e-01
1.334617519623065851e-01
1.347174778919376370e-01
1.352035218573078013e-01
1.357455812943427764e-01
1.369596592227163567e-01
1.378784367761546059e-01
1.385375800947149239e-01
1.393032969080666150e-01
1.399267378155049646e-01
1.403255524370791152e-01
1.409129918081585275e-01
