8.660217645573206724e+00
5.761049232581119561e+00
5.654071063440587075e+00
4.146298358283437402e+00
4.209431021297218578e+00
4.100598536535311034e+00
3.431440896037107002e+00
3.628286042113056276e+00
3.134551121275572783e+00
2.901775476074140325e+00
2.552443827191488879e+00
2.464540541529437689e+00
2.285510751260819262e+00
2.212273022686352508e+00
1.946109315445808452e+00
1.710834867440349960e+00
1.592463982886577645e+00
1.273668088191417747e+00
1.265577027083380157e+00
1.110469330125261500e+00
9.355211626251783708e-01
8.237728085763663666e-01
6.812945241912213845e-01
5.270309888302310286e-01
5.257827877109580994e-01
3.941251928600781329e-01
4.868350500545863269e-01
5.204900007721103838e-01
3.758722086702155907e-01
4.936473300127566244e-01
5.860434039294845077e-01
7.019773397737651965e-01
8.765237455232454122e-01
9.779936678576857112e-01
1.070913699476606640e+00
