6.873294783664239738e+00
5.366721509258760570e+00
5.046042596808599789e+00
4.402104104607028390e+00
4.146562943501736598e+00
3.978429756571944864e+00
3.442561888553426375e+00
3.424575249140410893e+00
3.051295633823043474e+00
2.813891579277159050e+00
2.598837767416014799e+00
2.326804704987677663e+00
2.158219758496654705e+00
2.001554667865098835e+00
1.743119885884340858e+00
1.568204143147472474e+00
1.369109699662777846e+00
1.199744292358535080e+00
1.004925253416363962e+00
8.643149179684460615e-01
7.091747918852971955e-01
6.054103501780004892e-01
5.533523468591136085e-01
4.653415636073276462e-01
5.207589366720547508e-01
4.706921947271304751e-01
6.563738140545651856e-01
7.635628432239093266e-01
7.441484480086668629e-01
8.759042668476072491e-01
1.017846014763644114e+00
1.167975049020616884e+00
1.378816471152662482e+00
1.508078707449530986e+00
1.626014371365471556e+00
