1.441084074683142077e-03
1.429692238980960007e-03
1.285299284429275652e-03
9.705914003409538875e-04
7.990355797176954206e-04
7.806938671623611789e-04
8.083074168374557991e-04
1.097452784771536880e-03
1.427510810481591452e-03
1.679819910897518802e-03
2.058557401514417989e-03
2.422391539635643330e-03
2.728485357914984220e-03
2.973526548000746551e-03
3.471377714251901864e-03
3.974434676308026722e-03
4.191128801373458605e-03
4.511345417596956085e-03
4.806915453806266149e-03
5.054785476957822203e-03
5.300164199310509507e-03
5.487892631414539868e-03
5.735478745808304454e-03
6.027609393790703783e-03
6.167132892630603630e-03
6.441339609475280926e-03
6.686339977794918295e-03
6.872179144580495107e-03
7.077120752883004316e-03
7.167300489861992696e-03
7.221019708656788161e-03
7.322756552046830701e-03
7.544016967475621928e-03
7.703783426022512044e-03
7.746881400904346779e-03
