2.534127562686514738e-03
3.030495150521898134e-03
3.782193543087400672e-03
4.060352529811808719e-03
4.652310893296072308e-03
5.296777654976540795e-03
5.244972469691269040e-03
5.870312767541802611e-03
6.074537431497068624e-03
6.331475827533310577e-03
6.620781908078495273e-03
6.699765064581349704e-03
6.977289085494766882e-03
7.389084822331286155e-03
7.308222725001085711e-03
7.583635287881302159e-03
7.695967097881810035e-03
7.903768292669048970e-03
7.885510024438775745e-03
7.986467666783542141e-03
8.402473432770809353e-03
8.432927992800633155e-03
8.482003902812234805e-03
8.637216300086968807e-03
8.646744385729399421e-03
8.840691637250137555e-03
8.922006811287705105e-03
8.828460544292898726e-03
9.137797089799478203e-03
9.089848876898273811e-03
9.160274119932984918e-03
9.313133302593114976e-03
9.186166510996339810e-03
9.406862408064750602e-03
9.453697623037665351e-03
